m(17, 8, 19, 0, 13, 9, 5)+d(16, 1, 6, 3, 15, 18)
m(1, 17, 4, 19, 11, 16, 10, 7, 3, 18, 2, 6)+d(9)
m(14, 15, 9, 0, 3, 6, 12, 4, 18, 16, 5, 13)
m(8, 5, 13, 15, 18, 12, 16, 1, 3)+d(17, 10, 0, 4, 6, 11)
m(18, 2, 4, 13, 3, 6, 8, 14, 15)+d(16, 12, 11, 0)
m(15, 5, 19, 10, 18, 0, 11, 14, 6, 8, 1, 13, 12)+d(2, 16, 7, 9)
m(14, 1, 3, 15, 6, 13, 16, 19, 4, 17, 0)+d(11)
m(7, 19, 18, 16)+d(0, 4, 3)
m(3, 15, 14, 6, 5, 1, 17, 10, 0, 8, 18)+d(12, 7, 16, 19, 2, 9)
m(10, 16, 1, 15, 14)+d(3, 7)
m(12, 0, 4, 2, 16)+d(3, 9, 8)
m(13, 0, 8, 6, 1, 9, 11, 18, 3, 15)+d(10, 4, 7)
m(0, 18, 10, 1, 6, 13, 19, 15, 16, 4, 17, 12, 7)+d(14, 3, 9, 8, 5)
m(3, 1, 7, 18, 15, 0, 13, 17, 2, 16)+d(5)
m(10, 3, 9, 17, 2, 14, 16, 5, 7, 4)+d(13, 1, 8, 12, 18)
m(5, 2, 9, 8, 12)+d(3, 10, 13, 16, 4)
m(11, 2, 17, 9, 19, 4, 0, 1, 7)+d(13)
m(13, 0, 17, 8, 3, 18, 1, 11, 12, 14, 6)+d(15, 10, 4, 7, 16)
m(17, 16, 9, 6, 15, 10, 7)+d(18, 8, 11, 5, 1, 12, 2, 19)
m(16, 17, 19)+d(3)
m(7, 5, 17, 2, 9, 13, 12, 3, 11, 10, 1, 0)+d(8, 19, 6, 15, 4)
m(7, 15, 19, 3, 0, 18, 2, 6, 16, 13, 1, 12, 14)+d(5)
m(15, 14, 19, 13, 4, 2, 17)+d(5, 11, 3, 6, 0, 10)
m(5, 12, 13, 0, 2, 1, 17)
m(15, 14, 16, 11)+d(12)
m(14, 18, 16, 10, 6, 9, 1, 4, 11, 17, 8, 5, 7)+d(15, 2)
m(16, 7, 3, 6, 15, 12, 1)+d(13, 2, 8)
m(12, 2, 7, 9, 3, 14, 4, 18, 17, 19)+d(5, 0, 15)
m(13, 1, 12, 5, 11, 18, 7, 14, 4, 3)+d(10)
m(13, 11, 9, 17, 18, 16, 15, 14, 4, 8, 2)+d(6, 5, 3, 10)
m(13, 3, 12, 4, 16, 2, 9, 11)+d(5, 18, 8, 7, 0)
m(5, 0, 2, 1, 13, 11, 18, 14, 16, 8, 12)
m(17, 12, 3, 15, 10, 2, 7, 6, 19, 4)+d(13, 16)
m(14, 13, 16, 5, 7, 18, 12)+d(3, 10)
m(18, 3, 10, 0, 11, 12, 17)+d(8, 16, 4)
m(12, 11, 15, 6, 2, 4, 10, 16, 7)+d(3, 5, 8)
m(5, 1, 4, 19, 18, 3)+d(7, 9, 12, 11, 2)
m(2, 0, 1, 19, 11, 9, 8)+d(14, 18, 12, 13)
m(8, 1, 12, 7, 14, 13, 10, 3, 2)+d(19, 15, 16, 0, 4, 11)
m(18, 0, 4, 8, 9, 7, 16, 10, 15, 17)+d(13, 14, 19)
m(8, 10, 11, 5, 15, 18, 3, 6)+d(4, 1)
m(18, 6, 3, 1, 2, 0, 15, 5, 17, 12, 13, 4, 14)+d(10, 8, 11)
m(10, 12, 6, 11, 1, 17, 19, 16, 8, 3, 14)
m(10, 8, 16, 2, 18, 5, 17, 12, 4, 3, 15)+d(6)
m(9, 2, 14, 11, 19, 8, 0)+d(6, 18)
m(11, 13, 4, 12, 0, 2, 5, 6, 16, 14, 15, 19)+d(18, 9, 17)
m(18, 14, 15, 7, 1, 9, 6, 17, 19, 5)
m(9, 4, 10, 16, 1, 18, 8, 3, 19)+d(11)
m(4, 19, 7, 1, 2, 13, 15, 12, 8, 0, 14, 18, 9)+d(11)
m(17, 5, 14, 8, 3, 19, 1, 13, 15, 18, 11)+d(0, 12, 7, 2)
m(6, 13, 16, 18, 0, 14, 9, 15, 12, 7, 10, 1)+d(4, 3, 11)
m(7, 3, 11, 0, 4, 9, 5)+d(12)
m(19, 18, 9, 16, 14, 7, 5, 6, 13, 11, 3, 8)+d(2)
m(0, 4, 6, 15, 13, 18, 14, 2, 9, 5, 11)
m(15, 1, 6, 11, 4, 2, 5, 18, 3)
m(2, 15, 0, 1, 7, 4, 11, 6)+d(16)
m(14, 13, 6, 4, 0, 19)+d(8, 5, 9, 12)
m(7, 18, 10, 1, 4, 9)+d(11, 5, 2)
m(6, 7, 13, 0, 12, 18, 15)+d(4, 10, 16)
m(6, 3, 13, 12, 19, 11, 10, 14, 0, 8, 5)+d(1, 7, 16)
m(0, 4, 9, 6, 13, 16, 19, 10, 17, 18, 8, 3, 15)+d(14)
m(9, 17, 15, 13, 14, 6, 10, 5)+d(4, 1, 7, 2, 19)
m(8, 10, 1, 9, 13, 12, 14, 15, 5, 19)+d(2, 18, 7, 6)
m(14, 3, 1, 19, 11)+d(15, 0)
m(16, 3, 5, 7, 8, 18, 6, 12, 13, 0, 14, 2, 19)+d(4)
m(8, 3, 15, 13, 14, 18, 12, 5, 19)+d(17, 0, 9, 2)
m(9, 2, 3, 5, 12, 16, 17, 18, 15, 1)+d(6)
m(3, 9, 5, 14, 12, 6, 8)+d(7)
m(1, 19, 12, 0, 9, 16, 2)+d(15, 10)
m(6, 5, 1, 3, 19, 12, 7, 0, 18, 9, 13, 17)+d(10, 16, 4, 11)
m(16, 17, 0, 2, 3, 5, 4)+d(7, 10)
m(8, 16, 5, 18, 17, 3, 4, 15, 7, 9, 14, 1)+d(12, 13)
m(0, 12, 3, 19, 14, 16, 9, 13, 8, 1, 18, 6, 7, 15)+d(4, 10, 2)
m(9, 14, 18, 13, 6, 8, 1, 12, 3, 5, 0)+d(19, 17, 2)
m(16, 0, 17, 9, 11, 19, 5, 3, 15, 8)+d(4)
m(16, 15, 17, 9, 5, 4, 13, 19, 2)+d(3, 10, 1, 12, 8, 18)
m(1, 14, 4, 2, 7, 15, 13, 19, 17)+d(9)
m(8, 16, 17, 10, 1, 11, 13, 0, 9, 3, 12)+d(4, 5, 14, 6)
m(17, 3, 1, 15, 8, 6, 13, 0, 4)+d(12, 9)
m(7, 3, 17, 11, 16, 2, 19, 9)+d(14, 12, 10, 8, 1)
m(16, 17, 11, 5, 6, 3, 18, 2, 9, 0, 19, 4, 14, 13)+d(1)
m(11, 5, 19, 7, 17, 16, 1, 18, 9, 3, 0, 8, 2)+d(14, 15)
m(12, 19, 3, 13, 17, 2, 15, 1, 14, 10, 9)+d(8, 7, 18, 0, 16)
m(1, 6, 11, 0, 7, 10, 9, 3)+d(18, 4)
m(5, 10, 19, 16, 13, 6)+d(11, 18, 7, 14)
m(12, 4, 11, 1, 3, 14, 8, 0, 19)
m(14, 2, 5, 17, 6, 12, 1, 4)+d(0, 13, 15)
m(9, 0, 19, 17)+d(8, 12, 6, 2, 3)
m(12, 14, 19, 2, 11, 1, 4)+d(9, 15, 0, 13)
m(4, 6, 11, 15, 7, 0, 3, 1)+d(14, 16, 5, 19, 9)
m(16, 3, 11, 10, 19, 17, 5, 18, 6)+d(13, 12, 8)
m(15, 4, 17, 18, 2, 9, 10, 7, 8)+d(19)
m(9, 17, 8, 15, 2, 18, 1, 13, 10)+d(7)
m(10, 5, 4, 0, 1, 14, 9, 11, 2, 6, 15)+d(3, 19, 16)
m(16, 4, 5, 8, 9, 1)
m(19, 18, 0, 16, 4, 5, 3, 15, 9, 8, 17, 2, 12)+d(7)
m(5, 17, 2, 8, 9, 4)+d(11, 3, 13, 18)
m(5, 12, 9, 2, 19, 17)+d(0, 6)
m(2, 17, 7, 15, 8, 16, 3, 0, 5, 10, 9, 12)+d(13, 11, 18, 4, 14)
m(9, 19, 15, 1, 17, 12, 5, 11, 14, 18, 7)
m(4, 12, 6, 17, 5, 15, 19, 0, 7, 13, 3, 16, 8)+d(11, 10, 2)
m(10, 7, 15, 16, 19, 12, 2, 5, 17, 14, 13, 11, 9, 0)+d(8, 4, 6, 18)
m(14, 6, 1, 8, 4, 18, 13, 19, 3, 2, 0, 16, 5)+d(15, 10, 11)
m(3, 9, 14, 2, 5, 17, 4, 15, 1, 10, 7, 6, 11)+d(19, 8, 13)
m(6, 4, 1, 12, 13, 16, 3, 2, 8, 11)+d(18)
m(19, 3, 16, 10, 5)+d(11, 1, 2, 14)
m(7, 17, 15, 9, 18, 0, 10, 8)+d(16, 5)
m(14, 15, 17, 12, 1, 8, 16, 3, 0, 11, 9)+d(10, 7, 19)
m(7, 18, 4, 1, 9, 15, 3, 12)+d(13, 2)
m(11, 3, 1, 19)+d(0)
m(9, 13, 2, 1, 11, 18, 19, 4, 15, 6, 10, 16)+d(5, 3, 12, 17)
m(9, 1, 8, 5, 16, 15, 4, 3, 17, 12, 19, 2)+d(14, 6, 18)
m(3, 11, 9, 19, 17, 0, 10, 13)+d(12, 6, 15)
m(14, 5, 2, 3, 0, 4, 7)+d(1, 18, 15, 10, 19)
m(8, 19, 14, 3, 4, 11, 1, 0, 7, 18, 6, 15, 9)+d(5)
m(19, 16, 5, 6, 8, 15, 18, 11, 7, 3)
m(0, 12, 15, 18, 7, 2, 16, 11, 1, 9, 19)+d(4)
m(7, 3, 1, 19)+d(14, 18, 11, 6)
m(2, 4, 6, 15, 5, 13, 16, 9, 17, 19, 1, 18)
m(5, 7, 2, 6, 0, 9, 18, 1, 12)+d(17, 8)
m(16, 9, 15, 17, 2, 3, 6, 12, 5, 18)+d(13, 8)
m(12, 17, 4, 8, 13, 7, 15, 3, 16, 6)+d(0, 10)
m(13, 11, 14, 19, 1, 8, 9, 3, 4, 17, 15)+d(16, 12, 0, 2)
m(4, 12, 13, 17, 1, 15, 8, 14, 6, 7)+d(19, 2, 9, 11, 5, 0)
m(7, 4, 16, 6, 0)
m(7, 18, 0, 2, 5, 14, 19, 4, 10, 13)
m(2, 17, 18, 13, 16, 12, 3, 6, 0, 8, 5, 11, 15)+d(19, 14, 7)
m(1, 10, 11, 13, 2, 12, 19, 18, 3, 14, 9, 7)+d(6, 0, 15, 17, 8, 4)
m(6, 5, 11, 17, 2, 16, 9, 14, 13, 8, 3, 15, 1)+d(18, 10)
m(11, 9, 0, 4, 6, 12, 16, 10, 2, 18, 13)+d(15, 3)
m(4, 16, 6, 15, 12, 1, 11, 7, 8, 13, 5)+d(3, 0, 17)
m(14, 3, 11, 7, 12, 9, 2, 5, 10, 1, 4, 13, 8)
m(14, 3, 17, 2, 16, 11, 12, 19)+d(15, 6, 9, 8, 7)
m(9, 19, 8, 0, 2, 3, 14, 15, 4)+d(1, 7, 12, 10)
m(8, 16, 3, 17, 18, 14, 15, 19, 10, 7, 1)+d(2, 13, 4)
m(7, 11, 19, 16, 2, 8, 6, 5, 9, 1, 12)+d(18)
m(6, 12, 11, 15, 0, 3, 13, 5, 16, 4, 2)
m(19, 18, 5, 0, 11, 9, 10, 13, 4)+d(12, 1, 17, 15, 14)
m(5, 1, 19, 13, 10, 9, 7, 15, 2, 8)+d(0, 4, 16)
m(17, 0, 8, 12, 10, 18, 14, 16, 3, 11, 9)
m(7, 12, 6, 2, 1, 14, 5, 0, 11, 3, 13)+d(8, 16, 15)
m(2, 5, 18, 19, 10, 13, 6, 12, 17, 15)+d(7, 9, 1)
m(4, 7, 17, 1, 13, 19, 14, 2, 9, 15, 8)+d(12, 18, 3)
m(16, 3, 13, 14, 1, 15, 6, 10, 5)+d(4, 8, 17, 19)
m(1, 5, 15, 3, 0, 10, 12, 9, 11)+d(16, 17, 7, 4, 6, 13)
m(12, 10, 5, 7, 19, 3, 11, 9, 16, 18, 0)+d(14, 6, 1)
m(15, 18, 0, 8, 11, 14, 19, 4, 2, 6, 13)+d(1, 9)
m(16, 12, 11, 18, 13, 4, 17, 15, 9, 10, 0, 7)+d(8, 6, 19, 1, 3)
m(8, 15, 7, 12, 18, 6, 13, 9)+d(19)
m(1, 6, 3, 8, 7, 0, 17, 2, 16, 5, 10)+d(19, 11, 13, 14)
m(8, 5, 1, 4, 14)+d(19, 3)
m(12, 11, 19, 8, 16, 13, 3, 4, 5, 9, 2, 15, 14)
m(10, 9, 4, 14, 6, 11, 17, 13, 1, 8, 18, 19)+d(7, 16)
m(15, 19, 10, 12, 3, 2)+d(8, 13)
m(10, 18, 3, 1, 5, 7, 14, 0)+d(4, 9, 2, 17)
m(16, 2, 12, 11, 14, 9, 3, 17, 18, 8)+d(10)
m(7, 18, 0, 4, 11, 5)+d(3, 17, 9, 10)
m(1, 17, 15, 2, 11, 0, 19, 9, 12)+d(13, 7)
m(13, 12, 5, 3, 14, 15, 4, 1, 8, 18)+d(7, 6, 19, 9, 10, 16)
m(9, 5, 6, 19, 11, 17, 13, 3, 4, 14, 2, 15, 1)+d(12, 0)
m(19, 12, 14, 2, 7, 10, 18)+d(3)
m(12, 4, 1, 17, 2, 14, 5, 15, 0, 16, 10, 11)+d(6)
m(17, 8, 11, 13, 18, 16, 3, 15, 10, 14, 12)+d(19, 9, 2)
m(17, 19, 16, 6, 7, 9, 1, 13, 15, 11, 2, 5, 0, 4)+d(8, 18, 10, 12)
m(0, 17, 8, 15)+d(14, 10, 7)
m(18, 11, 0, 7, 12, 10, 19, 4, 9)+d(14, 16)
m(3, 4, 9, 7, 6, 17, 14, 5, 2, 15, 16, 12)+d(18, 11)
m(5, 9, 14, 8, 4, 18, 12, 16, 17, 10, 11, 13, 1, 2)+d(15)
m(8, 1, 10, 3, 11, 16)+d(19)
m(5, 3, 2, 13, 0, 6, 17, 16, 8, 1)+d(11, 10, 12, 4, 7, 14)
m(12, 1, 4, 19, 2, 5, 9, 15, 14, 17, 6, 7, 3, 8)
m(11, 16, 6, 2, 3, 1, 18, 14, 12)+d(17, 15, 0, 13)
m(15, 9, 0, 3, 5, 12, 13, 17, 18, 2, 19)+d(8, 11, 1, 14, 7)
m(13, 14, 6, 2, 7, 3, 17, 12, 19)+d(9, 8, 5, 18)
m(9, 7, 11, 0, 15, 5, 1, 10, 19, 12)
m(14, 7, 17, 13, 8, 16, 2, 0, 11, 19, 5, 6)+d(3)
m(17, 9, 13, 5)+d(8, 19)
m(5, 17, 15, 13, 0)+d(12, 1)
m(18, 10, 13, 2, 11, 9, 19, 15, 4, 3, 8, 1)+d(12, 14, 5)
m(10, 19, 5, 2, 6, 8, 15)+d(11, 3, 9, 17, 12)
m(11, 2, 3)+d(9)
m(15, 9, 7, 2, 11, 19, 1, 18, 0, 6, 14, 4, 17, 5)+d(13, 16, 8)
m(9, 10, 7, 14, 12, 11)
m(12, 0, 16, 7, 19, 18, 15, 17, 1, 9, 14, 11)+d(3, 5, 4)
m(9, 0, 13, 6, 5, 4, 10, 7, 2, 17, 11, 15)
m(6, 3, 7)+d(11)
m(16, 11, 13, 14, 6, 7, 12)+d(9, 5, 18)
m(15, 8, 9, 1, 19, 7, 11, 14)
m(17, 11, 15, 14, 7, 18)+d(12)
m(18, 7, 15, 0, 16, 3, 17, 19, 8)+d(2, 13, 12, 4)
m(9, 10, 7, 12)+d(16, 8, 4)
m(16, 18, 3, 13, 0, 14, 6, 8, 17, 19, 9, 12, 15, 11)+d(10)
m(12, 11, 1, 0, 14, 16, 2, 13, 3, 10, 5)+d(6, 8, 19, 7)
m(13, 15, 19, 9, 8, 5, 1, 11, 16, 4, 2)+d(6, 18, 14)
m(11, 19, 17, 6, 12)+d(1, 8, 3, 13)
m(5, 9, 14, 18, 6, 19, 8, 2, 12, 3, 0)
m(9, 11, 18, 8, 10, 2, 19, 17, 6, 5, 1)+d(4, 13, 15)
m(1, 6, 7, 11, 19, 10, 3, 9, 5, 15, 14, 12, 4)
m(4, 19, 12, 16, 10, 17)+d(14, 11, 6)
m(10, 8, 4, 19, 15, 7, 11)+d(17, 14, 9, 5, 12)
m(4, 15, 5, 1, 3, 16, 18, 13, 12, 0)
m(19, 13, 10, 14, 4, 6, 18, 8)+d(3, 1, 5, 15, 17)
m(14, 10, 15, 9, 4, 11, 5, 8, 12, 1, 13, 7, 6, 2)+d(17, 3)
m(3, 6, 7, 19, 15, 13, 17, 14, 11, 9)+d(8, 5, 0)
m(11, 7, 13, 3, 8)+d(9, 0)
m(6, 10, 9, 15, 2, 12, 17, 18, 0, 14, 13, 1, 19)+d(3, 11, 5)
m(4, 13, 2, 11, 10, 14, 9, 1, 19, 18, 0, 17)+d(16, 5)
m(0, 5, 11, 12, 6, 7)+d(3, 14, 16, 10)
m(17, 14, 12, 2, 4, 13, 5, 19, 11)+d(6, 18)
m(2, 8, 15, 5, 14, 13, 10, 18)+d(7, 4, 17)
m(8, 14, 12, 18, 7, 13, 10, 15, 2, 11)+d(0)
m(0, 19, 6, 9, 11, 10)+d(15, 18, 14, 8, 13, 17)
m(5, 10, 6, 0, 8, 7, 11, 14, 2, 12)+d(17, 16, 19)
m(7, 10, 11, 19, 9, 0, 13, 14, 15, 1, 4, 17)+d(16, 8, 6, 18)
m(9, 0, 12, 1, 4, 17, 7, 16, 11, 19, 10)+d(2)
m(16, 2, 10, 7, 4, 0, 19, 18, 5, 11, 15, 14)+d(8, 6, 17, 3)
m(3, 16, 17, 0, 5, 6, 10, 18, 9, 4, 8)+d(11, 19, 2, 15)
m(7, 1, 2, 8, 6, 15, 5, 10, 12, 3, 14, 9)+d(16, 11, 19)
m(4, 7, 9, 2, 17, 8, 3, 0, 1)+d(5, 16, 13, 10, 19, 12)
