m(18, 11, 16, 9, 13, 17, 5, 15, 7, 6, 4)+d(8, 2)
m(9, 17, 2, 1, 6, 14, 13, 5, 12, 7)+d(18, 11)
m(5, 4, 0, 9, 13, 17, 18, 16, 19, 15, 3)+d(6)
m(16, 13, 14, 5, 15, 1)+d(17)
m(5, 9, 4, 16, 10, 13, 7, 8, 19, 18, 17)+d(3, 12, 0)
m(17, 1, 12, 16, 13)+d(18, 4, 7)
m(10, 14, 12, 15, 1, 13, 11, 0, 9, 7)+d(18, 4, 19, 5, 2, 17)
m(17, 6, 18, 14, 11, 10, 9)+d(13, 16)
m(2, 4, 1, 16, 12, 3, 11)+d(18)
m(18, 16, 12, 13, 9, 7, 15, 14, 5, 0, 19, 1, 8)+d(10, 11, 2)
m(18, 3, 7, 6, 9, 17)+d(11, 14)
m(15, 16, 9, 4, 3, 1, 14, 13, 10, 18, 12)+d(0, 17)
m(7, 9, 11, 17, 6, 1, 3, 12, 13, 2, 10)+d(5, 18, 14, 4)
m(8, 0, 15, 7, 10, 9, 6, 4, 16, 2)+d(1, 5)
m(10, 4, 17, 6, 16, 15)+d(13, 11, 2, 1)
m(11, 18, 14, 8, 15, 17, 1)+d(3, 19, 16, 2)
m(0, 17, 9, 16, 18, 19, 3, 13, 10, 12)+d(4, 14, 1)
m(9, 17, 10, 14, 19, 12, 0, 3, 6, 5, 2)
m(2, 15, 19, 17, 7, 1, 0)+d(12, 11, 8)
m(7, 2, 16, 13, 12, 10, 9, 3, 1, 8)
m(1, 16, 0, 17, 10, 14, 6, 11, 2, 13, 5, 9)+d(4, 19, 18, 12)
m(3, 12, 14, 10, 4, 2, 5, 16)+d(0, 18)
m(0, 15, 16, 14, 11, 6, 13, 9, 1)+d(8, 18, 7, 3, 19)
m(0, 3, 17, 10, 19, 8, 16, 18, 13, 1, 7, 5, 6, 9, 12)+d(4)
m(10, 13, 1, 2, 11, 15, 18, 3, 0, 9, 12, 7, 4)+d(17, 6)
m(8, 0, 18, 9, 12, 7, 17)+d(5, 2, 15, 16)
m(0, 17, 1, 8, 18, 10, 19, 7, 11, 5)+d(13, 12, 16, 14, 6)
m(0, 2, 16, 4, 18, 19, 5, 14, 9, 7, 8)+d(17, 13, 3, 15)
m(1, 14, 11, 3, 2, 7, 15, 9, 19, 6, 16, 12)
m(18, 12, 16, 6, 14, 15, 1, 11, 8, 2, 19, 7)+d(4, 13, 0, 9)
m(15, 3, 16, 8, 4, 11, 13, 0, 17, 1, 7)+d(12, 19)
m(4, 17, 5, 6, 14, 12, 3, 7, 13, 8, 18, 0)+d(10, 19, 9, 15)
m(14, 5, 2, 0, 16, 10, 12)+d(6, 13)
m(3, 16, 17, 5, 13, 8, 4, 9)+d(19)
m(0, 19, 2, 6, 11, 15, 14, 18, 12)+d(8, 16)
m(1, 19, 5, 26, 14, 7, 12, 15, 25, 9, 22, 3, 18, 29, 0, 11, 23, 10, 28)+d(16)
m(2, 5, 8, 21, 9, 19, 22, 1)
m(14, 4, 7, 25, 24, 13, 6, 9, 0, 18, 21, 10)+d(29, 15, 28, 3, 11, 26)
m(8, 21, 4, 20, 24, 23, 2, 6, 9, 1, 13)+d(15)
m(15, 14, 0, 10, 7, 28, 29, 8, 16, 13, 9, 22, 19, 4, 26, 1, 6, 11)+d(3, 17, 24, 27, 25)
m(20, 10, 27, 12, 6, 1, 24, 5, 7, 16, 28, 23, 18, 11, 21, 13)+d(4, 14, 2, 25, 29)
m(20, 16, 27, 29, 26, 11, 0, 9, 23, 5, 4, 2, 24, 1)+d(10, 18, 22, 13, 15)
m(26, 14, 11, 1, 24, 6, 18, 12, 13, 7, 19)+d(3, 0)
m(1, 5, 19, 4, 27, 29, 13, 7, 17, 0, 12, 14)+d(25, 9, 8, 6, 10, 16, 20)
m(9, 24, 22, 13, 1, 18, 15, 8, 11, 16, 29, 26, 4, 2, 7, 5, 20, 0, 28, 12)+d(25, 23)
m(13, 21, 5, 7, 17, 4, 25, 6, 10, 12, 9, 23, 20, 15, 14, 11, 8)+d(3, 28, 27, 2, 0, 18, 24, 16)
