m(13, 18, 11, 8, 16, 0, 1, 7)
m(7, 14, 5, 19, 15, 3, 9, 6, 16, 12, 13, 8)+d(2, 17)
m(3, 15, 13)+d(19, 5)
m(1, 7, 19, 3, 17, 13, 4)+d(15, 5)
m(2, 4, 5, 11)+d(12)
m(10, 0, 11, 6, 1, 4, 3, 13, 17, 8, 7, 5, 15)+d(9)
m(11, 13, 16, 4)+d(0, 15, 5)
m(0, 1, 17)+d(9)
m(19, 16)
m(5, 2, 13, 15, 1, 9, 12)+d(6, 7, 17)
m(12, 7, 10, 6, 4, 0, 14, 2, 1, 13, 9, 8)+d(5, 3, 18, 17)
m(12, 9, 8, 7, 14, 1, 5, 16, 0, 18, 15, 3, 19, 13, 11)+d(2, 6)
m(10, 13, 17, 1, 15, 4, 0, 19, 3, 14, 12)+d(7, 18, 5, 8, 9, 6)
m(17, 5)
m(15, 10, 18, 16, 1, 6, 17, 5, 4, 11, 0)+d(3, 13, 9)
m(1, 10, 17, 9, 14, 5, 6, 19, 0, 3, 4)+d(7, 13, 12)
m(13, 18, 8, 12, 16)+d(0, 4)
m(10, 4, 7, 2, 3, 8, 12, 6)
m(11, 12, 17, 19, 5)+d(14, 1, 10)
m(6, 19, 16, 5, 0, 9, 17, 3)+d(13, 1, 7, 8, 18)
m(9, 16, 19, 11, 5)
m(15, 12, 7, 8, 19, 17, 16, 0, 4, 11)+d(3, 14, 5, 1)
m(6, 2, 5, 15, 3, 7, 8, 18)
m(1, 12)
m(19, 6, 3, 17, 7, 0, 11, 9, 13)+d(2, 18, 14)
m(14)
m(6, 4, 8, 13, 15, 17, 16, 1, 18)+d(10, 11, 0)
m(0, 4, 17, 11, 2, 10, 18, 8)+d(3, 14, 19, 5)
m(1, 4, 17, 7, 11, 9)+d(0, 12)
m(13, 5, 16, 11, 6, 0, 1, 8, 18, 10, 4, 19, 12)+d(7, 15, 9, 14)
m(2, 13, 4, 5)
m(11, 12, 19, 18, 16, 17, 3, 6)+d(4)
m(5, 9, 17, 3, 14, 2, 10, 4, 6, 8, 15)+d(12, 0)
m(16, 2, 0, 9, 18, 1, 5, 8, 12)+d(11, 13, 17, 10)
m(3, 7, 14, 12)+d(8, 11)
m(19, 16, 7, 17, 1, 4, 3)+d(14)
m(1, 0, 13)
m(17, 4, 0, 1)+d(16, 2, 10, 11)
m(12, 13, 3, 11, 2, 0, 4, 9, 7, 1, 15, 19)+d(6, 18, 8, 10, 14)
m(8, 5, 18, 19, 7, 13, 1, 6, 9, 4)+d(3, 10, 11, 15, 12, 2, 14)
m(17, 4, 8, 2, 13, 5, 19, 15, 9, 14, 16, 18, 1)+d(12, 3)
m(8, 1, 17, 19, 14, 0, 10, 16)
m(1, 10, 3, 7, 5, 11, 0, 16, 18, 13, 15, 14, 19, 9)
m(14, 9, 13, 11, 1, 7, 17, 0, 5, 16, 8, 4)
m(8, 15, 12)
m(11, 8, 12, 13, 9)+d(4, 2, 0, 7, 1)
m(16, 6, 14, 3, 2, 7, 13, 0)+d(5, 11, 15, 4)
m(14, 12, 11)+d(10)
m(4, 18, 17, 16, 12, 3, 5, 0, 9, 11, 2)+d(15, 19, 6, 10, 1)
m(5, 13, 4, 2, 1, 16, 3, 19, 17, 7, 11, 6, 9, 12)+d(0)
m(10, 17, 1, 6, 5, 11, 4, 13, 0)+d(8, 19, 2, 3)
m(6, 2, 19, 13, 8, 11)+d(15, 0, 16)
m(11, 12)
m(10, 12, 7, 19, 18, 14, 5)
m(19, 1, 11, 7, 10, 2, 3, 15)+d(18, 4)
m(10, 15, 14, 8, 13, 5, 4, 17, 3)+d(12, 1, 16, 19)
m(0, 7, 6, 14, 13, 19, 10, 16, 8, 4, 9)+d(15, 3, 1, 5, 17)
m(14, 1, 13, 18, 6)+d(17, 8)
m(2, 8)
m(18, 1, 9, 13, 17, 12, 2, 4, 16, 6, 0)+d(5, 10, 3, 15)
m(16, 11, 10, 3, 5, 2, 7, 8, 6, 1, 0)+d(13, 12, 17, 15, 9)
m(0, 13, 11, 8, 1, 2, 4)+d(7, 5, 15, 16)
m(13)
m(13, 9, 5, 14, 17, 11, 16, 10, 12)+d(18, 4, 1, 19)
m(18, 4, 15, 3, 6, 8, 19, 17)+d(16, 13, 1)
m(16, 15)+d(13)
m(8, 15, 10, 19, 2, 6, 4, 9, 16)+d(7, 13, 12, 14, 5)
m(2, 12, 13, 7, 14, 1, 8, 10, 5, 16, 9)
m(5, 16, 7)
m(2, 8, 3)+d(13, 14)
m(18)
m(8, 3, 2, 18, 10, 11, 15, 7)+d(13, 6)
m(8, 17, 1, 18, 13, 2, 6, 16, 12, 10, 5, 7, 15, 9, 4)
m(8, 19, 7, 14, 5, 18, 13, 2)+d(11, 0)
m(7, 12, 15, 6, 4, 17, 19, 10, 0, 1)+d(5, 3, 11)
m(7)
m(19, 16, 5, 8, 11, 18, 6, 15, 0, 1, 2, 9, 12)+d(4, 14)
m(2)
m(12, 7, 19, 8, 16, 3, 4, 5, 2, 1, 17)+d(6)
m(15, 3, 9, 11, 0, 19, 5, 7, 1, 10, 4, 16, 12, 8, 6)+d(2)
m(3, 5, 2)
m(14, 7, 17, 5, 15, 8)+d(13, 16, 11)
m(7)
m(16, 12)+d(18)
m(17, 2, 4, 15, 12, 13, 6, 8, 1, 16, 10, 7, 9, 11, 14)+d(0, 19, 18)
m(13, 9, 18, 3, 12, 5, 7, 16, 2, 10)+d(15)
m(5, 1, 19, 16)+d(11, 2)
m(12, 8, 17, 15, 14, 7, 6, 9, 3, 10)+d(18, 19)
m(7, 16)+d(0, 2)
m(4, 9, 19, 8, 10)+d(17)
m(8, 19, 3, 12, 4, 18, 2, 6)+d(7, 14, 17, 11, 5)
m(17, 8, 7)+d(10)
m(11, 9, 3, 14, 19, 6)+d(8, 18)
m(2, 17, 8, 9, 12)+d(18, 5)
m(0)
m(11, 13, 18, 8, 1, 4, 7, 6, 17, 10, 0)+d(3, 16, 12)
m(18, 0, 8, 6, 17, 14, 1, 4, 15)+d(7, 9, 3)
m(19, 8, 7, 14, 9, 0, 11)+d(17, 5)
m(9, 5, 14, 4, 1, 2, 3, 17, 8, 16, 7, 6, 13)+d(19)
m(5, 0, 15, 10, 9, 4, 1)
m(10, 6, 5, 3, 1, 17, 15, 18, 12, 19, 9, 16)+d(2, 11, 13, 0)
m(0, 19, 4, 14, 1)+d(16, 2, 6)
m(12, 9, 11, 6, 8, 3, 4)+d(1, 10)
m(5, 1, 13, 10, 11, 0, 3, 8, 16, 7, 9)+d(4, 17, 19, 15, 12, 6)
m(0, 1, 6, 2, 8, 16, 10, 13, 17)+d(3)
m(12, 17, 6, 5, 0, 8, 9, 10, 18, 16)+d(15, 1)
m(11, 18, 3, 15, 10, 9, 2, 13, 14, 17, 8)+d(5)
m(9, 13, 16, 8, 15, 2, 19, 7, 5, 12)+d(11)
m(9, 1, 2)
m(2, 0, 9, 15, 13, 4, 16)
m(10, 6, 8, 19, 1, 5, 3, 12, 18, 11, 2, 9, 17)+d(0, 15, 14)
m(5, 2, 11, 6, 10, 4, 17, 18)+d(14, 8, 3)
m(10, 11, 14, 3, 13, 9, 17, 0, 1, 6, 18)+d(19)
m(1, 12, 10, 5, 15, 14, 8)+d(2)
m(12, 6, 2, 8, 14, 16, 5)
m(11, 8, 14)+d(3, 1, 10, 4)
m(3, 10, 16, 4, 5)+d(0)
m(18, 12, 1, 8, 15, 5, 13, 9, 19, 7, 14)+d(6, 0, 3)
m(16, 17, 18, 1, 9, 6)+d(2, 12, 5, 13)
m(1, 13, 17, 18, 9, 10, 11, 3, 19, 16, 14)+d(4, 5)
m(7, 14, 18, 10, 12, 4, 8, 3, 6)+d(17)
m(10)
m(3, 7, 17, 4, 1, 13, 18, 6)+d(8, 10, 0, 15, 16)
m(17, 4, 14, 6, 13, 1, 19, 18, 7)+d(16)
m(12, 15, 11, 17, 0, 8, 5, 6, 3, 9)
m(15, 17, 14, 7, 9, 6, 5, 3, 10, 16)+d(0)
m(1, 0, 4, 16, 8, 15, 9, 14, 6, 13, 2, 7)
m(17, 9, 8, 11, 4)
m(2, 8, 13)+d(6)
m(6, 11, 18, 0, 9)+d(15, 2)
m(2, 19, 11, 14, 6, 16, 17)+d(8, 15, 10, 1)
m(13, 8, 2, 9, 19, 3, 0)
m(18, 4, 0, 16, 11, 7, 8)+d(6, 3, 5, 2)
m(17, 16, 7, 13, 18, 5, 9)+d(11)
m(18, 12, 6, 11, 10, 5, 17, 14)+d(3, 0)
m(5, 12, 1, 8, 14, 2, 10, 19)+d(16, 15, 9, 4, 6)
m(9, 17, 11, 5, 13)+d(2)
m(12, 6, 11, 9, 18, 7, 2, 19, 0)+d(13, 8, 17)
m(8, 1, 13, 4)+d(6, 3, 2)
m(14, 19, 6, 1, 9, 4, 0, 2, 10)+d(7)
m(6, 7, 8, 9, 10, 18, 12, 15)+d(5, 11, 3)
m(4, 5, 19, 3, 16, 12, 9, 8, 13, 1, 10, 6)+d(17)
m(1, 6, 3, 8, 10, 13, 0, 14)+d(5, 16, 19, 17, 11, 18)
m(6, 15, 13, 12, 4, 9, 5, 11, 7, 18, 3, 2, 1, 8, 17)+d(10)
m(6, 18, 10, 5, 12, 17)+d(11, 15)
m(0, 17)+d(2)
m(7, 3, 12, 17, 4, 18, 5, 15, 6)+d(11, 19)
m(8, 1, 4)+d(16)
m(10, 9, 15, 2, 12, 19, 16, 4, 11, 17, 13, 14)
m(17, 2, 3, 15, 9, 7, 4, 12, 11, 16, 10, 14)+d(6, 0)
m(1, 12, 17, 18, 15, 3, 2, 6, 4)+d(13, 0, 16, 9)
m(3, 19)
m(15, 4, 16, 19, 13, 9, 11, 3, 10, 2, 18)+d(1)
m(15, 19)
m(6, 4, 19, 3, 5, 11, 10, 13, 17)+d(15)
m(8, 4, 17, 16, 3, 7)+d(1, 2)
m(0, 8, 5, 15, 9, 16)
m(6)
m(6, 16, 15)+d(10, 18)
m(11, 7, 0, 9, 13, 4)+d(14)
m(3, 5, 8, 6)+d(7, 1)
m(3, 19, 2, 10, 5)+d(13, 11)
m(12, 7, 8, 5, 0, 3, 13, 17, 18, 14, 11)+d(16)
m(5, 15, 12, 2, 10, 16, 13, 4, 18, 17, 1, 0)+d(8, 11, 6, 19, 9)
m(16, 3, 17, 2, 15)+d(12)
m(11, 2)
m(19, 18, 0)+d(17)
m(3)
m(2, 16, 12, 7, 17, 9, 8, 3, 15, 14, 1, 11, 10)+d(18, 13)
m(9, 11, 6, 4, 19, 7)+d(0, 5)
m(8, 0, 13, 2, 19, 7, 17, 18, 16, 5, 4, 12)+d(1, 14)
m(3, 0, 5, 14, 6, 2)+d(4)
m(5, 0)
m(16, 6, 13, 2, 5, 8, 10)+d(11)
m(5, 2, 12, 19, 16, 1, 4, 9, 3, 8, 18)+d(0)
m(13, 9, 14)+d(11)
m(15, 17, 9, 23, 6, 24, 29)+d(27)
m(7)
m(1, 17, 15, 23, 12)
m(11, 18, 26, 9, 2, 0, 8, 12, 10, 28, 22, 6, 25, 29, 21, 3, 1)+d(7, 13, 19, 4, 14, 27, 16, 17)
m(12, 0, 21, 14, 24)+d(15)
m(24, 21, 8)+d(2)
m(10, 11, 13, 19, 18, 20, 2, 28, 3)+d(14, 6)
